
-----------------------------------------------
x_piede_sx_1:

acf locals max     : [  59  118  177  240  302  339  364  421  453  480  539  591  647  701
  756  783  817  845  880  908  941  973  999 1031 1060 1089 1120 1150
 1180 1207 1234 1267 1294 1332 1361 1395 1454 1515 1573 1632 1693 1765
 1828 1843 1887 1911 1956 2018 2054 2087 2135]
acf locals max diff: [59 59 63 62 37 25 57 32 27 59 52 56 54 55 27 34 28 35 28 33 32 26 32 29
 29 31 30 30 27 27 33 27 38 29 34 59 61 58 59 61 72 63 15 44 24 45 62 36
 33 48]


locals max :	- mean: 1.106e+03	- std: 575.8
locals max :	- mean: 36.87 sec	- std: 19.19 sec

locals max diff:	- mean: 41.52	- std: 14.63
locals max diff:	- mean: 1.384 sec	- std: 0.4877 sec


-----------------------------------------------
y_piede_sx_1:

acf locals max     : [  31   60   93  117  146  172  203  231  262  290  321  350  381  408
  439  467  498  527  558  606  634  668  698  730  784  839  866  896
  948  979 1007 1041 1066 1103 1130 1168 1202 1233 1265 1297 1331 1362
 1395 1425 1458 1487 1519 1548 1580 1611 1639 1669 1695 1728 1752 1785
 1804 1839 1863 1896 1925 1958 1987 2025 2098 2146]
acf locals max diff: [29 33 24 29 26 31 28 31 28 31 29 31 27 31 28 31 29 31 48 28 34 30 32 54
 55 27 30 52 31 28 34 25 37 27 38 34 31 32 32 34 31 33 30 33 29 32 29 32
 31 28 30 26 33 24 33 19 35 24 33 29 33 29 38 73 48]


locals max :	- mean: 1.064e+03	- std: 618.9
locals max :	- mean: 35.47 sec	- std: 20.63 sec

locals max diff:	- mean: 32.54	- std: 8.291
locals max diff:	- mean: 1.085 sec	- std: 0.2764 sec


-----------------------------------------------
x_piede_sx_2:

acf locals max     : [  59  117  174  234  295  331  357  412  441  471  505  531  588  631
  689  745  803  861  920  978 1009 1036 1063 1096 1123 1160 1180 1238
 1279 1303 1337 1367 1425 1485 1543 1596 1662 1715 1740 1781 1841 1908
 1969 2005 2038 2084]
acf locals max diff: [58 57 60 61 36 26 55 29 30 34 26 57 43 58 56 58 58 59 58 31 27 27 33 27
 37 20 58 41 24 34 30 58 60 58 53 66 53 25 41 60 67 61 36 33 46]


locals max :	- mean: 1.068e+03	- std: 580.2
locals max :	- mean: 35.6 sec	- std: 19.34 sec

locals max diff:	- mean: 45.0	- std: 14.26
locals max diff:	- mean: 1.5 sec	- std: 0.4754 sec


-----------------------------------------------
y_piede_sx_2:

acf locals max     : [  31   59   93  114  164  194  223  254  283  314  344  375  405  448
  479  509  540  569  597  626  655  688  710  763  793  820  852  880
  916  939  973 1008 1040 1069 1103 1134 1166 1198 1228 1259 1287 1317
 1342 1369 1394 1426 1454 1482 1511 1540 1571 1595 1628 1653 1688 1715
 1752 1786 1816 1847 1877 1908 1937 1969 1997 2029 2054 2096]
acf locals max diff: [28 34 21 50 30 29 31 29 31 30 31 30 43 31 30 31 29 28 29 29 33 22 53 30
 27 32 28 36 23 34 35 32 29 34 31 32 32 30 31 28 30 25 27 25 32 28 28 29
 29 31 24 33 25 35 27 37 34 30 31 30 31 29 32 28 32 25 42]


locals max :	- mean: 1.071e+03	- std: 601.0
locals max :	- mean: 35.71 sec	- std: 20.03 sec

locals max diff:	- mean: 30.82	- std: 5.249
locals max diff:	- mean: 1.027 sec	- std: 0.175 sec


-----------------------------------------------
x_piede_sx_3:

acf locals max     : [  33   59  118  177  238  302  338  365  397  425  456  484  517  543
  582  600  642  657  700  758  783  819  848  881  915  940  973  999
 1031 1058 1089 1118 1149 1178 1206 1230 1264 1285 1340 1400 1425 1457
 1488 1518 1543 1577 1633 1658 1690 1714 1765 1799 1838 1891 1916 1957
 2019 2052 2086 2132]
acf locals max diff: [26 59 59 61 64 36 27 32 28 31 28 33 26 39 18 42 15 43 58 25 36 29 33 34
 25 33 26 32 27 31 29 31 29 28 24 34 21 55 60 25 32 31 30 25 34 56 25 32
 24 51 34 39 53 25 41 62 33 34 46]


locals max :	- mean: 1.084e+03	- std: 582.3
locals max :	- mean: 36.14 sec	- std: 19.41 sec

locals max diff:	- mean: 35.58	- std: 12.18
locals max diff:	- mean: 1.186 sec	- std: 0.4061 sec


-----------------------------------------------
y_piede_sx_3:

acf locals max     : [  31   60   91  119  147  176  206  235  266  294  326  348  377  404
  431  460  488  518  547  576  605  633  664  693  723  753  783  810
  839  865  896  924  954  985 1015 1044 1075 1104 1134 1162 1192 1219
 1249 1279 1312 1338 1374 1398 1427 1458 1491 1521 1554 1586 1621 1651
 1684 1714 1757 1791 1819 1856 1884 1916 1943 1976 2006 2040 2070 2108
 2148]
acf locals max diff: [29 31 28 28 29 30 29 31 28 32 22 29 27 27 29 28 30 29 29 29 28 31 29 30
 30 30 27 29 26 31 28 30 31 30 29 31 29 30 28 30 27 30 30 33 26 36 24 29
 31 33 30 33 32 35 30 33 30 43 34 28 37 28 32 27 33 30 34 30 38 40]


locals max :	- mean: 1.058e+03	- std: 613.6
locals max :	- mean: 35.28 sec	- std: 20.45 sec

locals max diff:	- mean: 30.24	- std: 3.297
locals max diff:	- mean: 1.008 sec	- std: 0.1099 sec


-----------------------------------------------
x_piede_dx_1:

acf locals max     : [  58  115  172  210  229  266  324  382  437  479  499  536  561  595
  623  654  681  713  740  771  797  829  855  892  912  959 1013 1061
 1120 1158 1181 1218 1241 1279 1339 1394 1451 1483 1510 1565 1613 1661
 1722 1763 1784 1817 1847 1880 1909 1975 2019 2046 2081 2117 2145]
acf locals max diff: [57 57 38 19 37 58 58 55 42 20 37 25 34 28 31 27 32 27 31 26 32 26 37 20
 47 54 48 59 38 23 37 23 38 60 55 57 32 27 55 48 48 61 41 21 33 30 33 29
 66 44 27 35 36 28]


locals max :	- mean: 1.103e+03	- std: 607.9
locals max :	- mean: 36.78 sec	- std: 20.26 sec

locals max diff:	- mean: 38.65	- std: 12.9
locals max diff:	- mean: 1.288 sec	- std: 0.43 sec


-----------------------------------------------
y_piede_dx_1:

acf locals max     : [  31   59   90  118  148  177  207  237  266  297  326  356  385  415
  446  475  504  533  562  592  621  652  682  712  741  770  798  828
  857  888  917  948  977 1008 1038 1068 1097 1127 1156 1188 1214 1246
 1272 1304 1333 1363 1392 1421 1451 1479 1509 1538 1568 1598 1627 1658
 1687 1718 1753 1778 1813 1842 1883 1914 1949 1980 2012 2044 2072 2109
 2154]
acf locals max diff: [28 31 28 30 29 30 30 29 31 29 30 29 30 31 29 29 29 29 30 29 31 30 30 29
 29 28 30 29 31 29 31 29 31 30 30 29 30 29 32 26 32 26 32 29 30 29 29 30
 28 30 29 30 30 29 31 29 31 35 25 35 29 41 31 35 31 32 32 28 37 45]


locals max :	- mean: 1.07e+03	- std: 612.8
locals max :	- mean: 35.67 sec	- std: 20.43 sec

locals max diff:	- mean: 30.33	- std: 2.912
locals max diff:	- mean: 1.011 sec	- std: 0.09706 sec


-----------------------------------------------
x_piede_dx_2:

acf locals max     : [  56  111  167  217  268  323  365  419  474  533  590  646  700  744
  763  802  861  908  964 1019 1076 1135 1171 1193 1229 1283 1338 1392
 1445 1498 1554 1606 1661 1701 1731 1783 1843 1870 1906 1950 1973 2011
 2047 2080]
acf locals max diff: [55 56 50 51 55 42 54 55 59 57 56 54 44 19 39 59 47 56 55 57 59 36 22 36
 54 55 54 53 53 56 52 55 40 30 52 60 27 36 44 23 38 36 33]


locals max :	- mean: 1.123e+03	- std: 607.5
locals max :	- mean: 37.43 sec	- std: 20.25 sec

locals max diff:	- mean: 47.07	- std: 11.25
locals max diff:	- mean: 1.569 sec	- std: 0.375 sec


-----------------------------------------------
y_piede_dx_2:

acf locals max     : [  31   56   85  112  141  168  199  225  257  283  311  340  368  400
  425  459  486  518  539  574  595  630  653  688  705  743  761  796
  820  851  878  906  936  961  995 1016 1052 1081 1111 1137 1167 1222
 1252 1280 1307 1336 1364 1390 1419 1449 1479 1505 1558 1588 1615 1652
 1710 1750 1776 1809 1836 1877 1945 2002 2040 2080]
acf locals max diff: [25 29 27 29 27 31 26 32 26 28 29 28 32 25 34 27 32 21 35 21 35 23 35 17
 38 18 35 24 31 27 28 30 25 34 21 36 29 30 26 30 55 30 28 27 29 28 26 29
 30 30 26 53 30 27 37 58 40 26 33 27 41 68 57 38 40]


locals max :	- mean: 980.3	- std: 580.2
locals max :	- mean: 32.68 sec	- std: 19.34 sec

locals max diff:	- mean: 31.52	- std: 9.241
locals max diff:	- mean: 1.051 sec	- std: 0.308 sec


-----------------------------------------------
x_piede_dx_3:

acf locals max     : [  33   59   95  118  174  209  235  269  298  330  387  444  505  543
  568  601  632  660  693  721  752  783  811  865  901  923  979 1027
 1080 1132 1197 1259 1298 1319 1357 1416 1441 1474 1505 1535 1567 1594
 1646 1676 1707 1746 1768 1810 1846 1873 1937 1983 2009 2046 2075 2110
 2147 2185]
acf locals max diff: [26 36 23 56 35 26 34 29 32 57 57 61 38 25 33 31 28 33 28 31 31 28 54 36
 22 56 48 53 52 65 62 39 21 38 59 25 33 31 30 32 27 52 30 31 39 22 42 36
 27 64 46 26 37 29 35 37 38]


locals max :	- mean: 1.11e+03	- std: 645.3
locals max :	- mean: 36.98 sec	- std: 21.51 sec

locals max diff:	- mean: 37.75	- std: 12.17
locals max diff:	- mean: 1.258 sec	- std: 0.4056 sec


-----------------------------------------------
y_piede_dx_3:

acf locals max     : [  30   60   90  118  148  176  206  235  264  291  317  348  376  407
  433  462  486  519  546  578  604  634  661  693  721  753  782  813
  840  871  899  930  959  991 1012 1041 1066 1099 1125 1157 1178 1209
 1239 1270 1299 1329 1357 1386 1415 1445 1475 1504 1534 1564 1592 1623
 1652 1683 1711 1741 1768 1798 1825 1856 1887 1917 1946 1972 2002 2031
 2064 2094 2126 2160 2194]
acf locals max diff: [30 30 28 30 28 30 29 29 27 26 31 28 31 26 29 24 33 27 32 26 30 27 32 28
 32 29 31 27 31 28 31 29 32 21 29 25 33 26 32 21 31 30 31 29 30 28 29 29
 30 30 29 30 30 28 31 29 31 28 30 27 30 27 31 31 30 29 26 30 29 33 30 32
 34 34]


locals max :	- mean: 1.101e+03	- std: 628.7
locals max :	- mean: 36.71 sec	- std: 20.96 sec

locals max diff:	- mean: 29.24	- std: 2.476
locals max diff:	- mean: 0.9748 sec	- std: 0.08253 sec

