
-----------------------------------------------
x_piede_sx_1:

acf locals max     : [  32   57   85  114  169  217  245  272  303  326  363  385  428  477
  531  585  643  696  722  752  778  809  833  862  913  949  971 1011
 1069 1102 1129 1163 1181 1223 1281 1307 1340 1373 1398 1425 1457 1524
 1583 1641 1667 1701 1726 1760 1819 1870 1931 1972]
acf locals max diff: [25 28 29 55 48 28 27 31 23 37 22 43 49 54 54 58 53 26 30 26 31 24 29 51
 36 22 40 58 33 27 34 18 42 58 26 33 33 25 27 32 67 59 58 26 34 25 34 59
 51 61 41]


locals max :	- mean: 964.8	- std: 562.1
locals max :	- mean: 32.16 sec	- std: 18.74 sec

locals max diff:	- mean: 38.04	- std: 13.25
locals max diff:	- mean: 1.268 sec	- std: 0.4418 sec


-----------------------------------------------
x_piede_sx_2:

acf locals max     : [  56  110  169  202  230  258  290  309  350  407  461  512  565  619
  670  724  778  828  857  882  926  975 1005 1029 1062 1090 1120 1177
 1233 1258 1289 1346 1373 1403 1433 1462 1521 1577 1634 1654 1694 1750
 1800 1857 1903]
acf locals max diff: [54 59 33 28 28 32 19 41 57 54 51 53 54 51 54 54 50 29 25 44 49 30 24 33
 28 30 57 56 25 31 57 27 30 30 29 59 56 57 20 40 56 50 57 46]


locals max :	- mean: 974.4	- std: 533.4
locals max :	- mean: 32.48 sec	- std: 17.78 sec

locals max diff:	- mean: 41.98	- std: 13.07
locals max diff:	- mean: 1.399 sec	- std: 0.4358 sec


-----------------------------------------------
x_piede_sx_3:

acf locals max     : [  33   57  113  168  222  275  312  333  371  390  439  485  540  597
  653  709  765  798  824  879  927  989 1031 1055 1090 1120 1149 1202
 1255 1306 1364 1396 1423 1453 1480 1530 1557 1591 1627 1670 1696 1732
 1758 1792 1853 1904 1963 2006]
acf locals max diff: [24 56 55 54 53 37 21 38 19 49 46 55 57 56 56 56 33 26 55 48 62 42 24 35
 30 29 53 53 51 58 32 27 30 27 50 27 34 36 43 26 36 26 34 61 51 59 43]


locals max :	- mean: 1.039e+03	- std: 577.2
locals max :	- mean: 34.64 sec	- std: 19.24 sec

locals max diff:	- mean: 41.98	- std: 12.76
locals max diff:	- mean: 1.399 sec	- std: 0.4252 sec


-----------------------------------------------
x_piede_dx_1:

acf locals max     : [  31   57   90  114  150  171  226  263  282  318  340  374  397  431
  454  492  548  577  604  634  662  693  719  751  778  813  837  872
  926  950  982 1038 1060 1095 1124 1152 1182 1209 1240 1266 1294 1322
 1347 1377 1409 1435 1469 1492 1545 1598 1653 1692 1711 1748 1771 1807
 1827 1866 1922 1944 1980 2026 2061]
acf locals max diff: [26 33 24 36 21 55 37 19 36 22 34 23 34 23 38 56 29 27 30 28 31 26 32 27
 35 24 35 54 24 32 56 22 35 29 28 30 27 31 26 28 28 25 30 32 26 34 23 53
 53 55 39 19 37 23 36 20 39 56 22 36 46 35]


locals max :	- mean: 1.019e+03	- std: 589.5
locals max :	- mean: 33.97 sec	- std: 19.65 sec

locals max diff:	- mean: 32.74	- std: 10.16
locals max diff:	- mean: 1.091 sec	- std: 0.3385 sec


-----------------------------------------------
x_piede_dx_2:

acf locals max     : [  33   56  111  165  192  219  251  275  308  333  365  388  441  490
  532  585  638  695  732  751  786  807  842  894  948 1002 1027 1059
 1086 1114 1147 1170 1223 1250 1278 1333 1364 1389 1445 1493 1548 1600
 1643 1700 1757 1770 1813 1868 1926 1971 2006]
acf locals max diff: [23 55 54 27 27 32 24 33 25 32 23 53 49 42 53 53 57 37 19 35 21 35 52 54
 54 25 32 27 28 33 23 53 27 28 55 31 25 56 48 55 52 43 57 57 13 43 55 58
 45 35]


locals max :	- mean: 976.8	- std: 574.6
locals max :	- mean: 32.56 sec	- std: 19.15 sec

locals max diff:	- mean: 39.46	- std: 13.28
locals max diff:	- mean: 1.315 sec	- std: 0.4428 sec


-----------------------------------------------
x_piede_dx_3:

acf locals max     : [  30   56   87  114  146  170  206  228  264  286  319  343  376  401
  432  459  496  551  582  609  638  666  694  721  749  777  807  836
  874  891  928  955  986 1012 1045 1071 1103 1131 1160 1189 1217 1246
 1274 1302 1331 1357 1387 1417 1444 1474 1502 1532 1556 1586 1612 1668
 1705 1727 1762 1785 1821 1842 1880 1897 1935 1955 1996 2041 2076]
acf locals max diff: [26 31 27 32 24 36 22 36 22 33 24 33 25 31 27 37 55 31 27 29 28 28 27 28
 28 30 29 38 17 37 27 31 26 33 26 32 28 29 29 28 29 28 28 29 26 30 30 27
 30 28 30 24 30 26 56 37 22 35 23 36 21 38 17 38 20 41 45 35]


locals max :	- mean: 1.039e+03	- std: 593.1
locals max :	- mean: 34.64 sec	- std: 19.77 sec

locals max diff:	- mean: 30.09	- std: 6.915
locals max diff:	- mean: 1.003 sec	- std: 0.2305 sec

------------------------- summary ----------------------
x_piede_sx_1: 38.04
x_piede_sx_2: 41.98
x_piede_sx_3: 41.98
x_piede_dx_1: 32.74
x_piede_dx_2: 39.46
x_piede_dx_3: 30.09

piede sx mean: 40.67  |  1.356 sec
piede dx mean: 34.1  |  1.137 sec

passo completo mean: 74.76  |  2.492 sec


